005930
000660
055550
105560
086790
316140
024110
051910
066570
033780
078930
030200
000880
017670
003550
005380
001040
034730
051900
097950
000210
071050
036570
000150
028260
035420
005940
032830
005830
005490
006800
138930
000720
032640
010130
039490
018260
008560
006360
012330
016360
096530
042670
068270
086280
021240
175330
047050
029780
139130
253840
009410
011780
294870
011170
047040
047810
009150
035720
009830
006260
007070
028050
267250
042660
271560
000120
003410
001230
000270
298020
004800
006040
006400
111770
000990
091990
251270
081660
020560
009540
010780
030000
051600
035760
036490
282330
056190
192080
012750
161390
018670
036830
002790
012450
011790
034310
028670
071840
006650
240810
241560
010120
007310
057050
001680
263750
000080
001740
033660
035890
004000
001120
034830
090430
078340
005300
298040
014680
028150
183190
004370
003070
005880
011070
120110
005440
161890
001500
210980
014830
204270
032500
017800
298000
023530
300720
181710
023410
017940
001630
003090
036460
010620
267980
136490
069960
013890
003230
000100
200130
002320
033290
038500
004430
005950
035810
035600
000240
014790
215200
007700
004990
005180
040910
069260
093050
272210
078020
084010
002990
307950
241590
086450
006280
214320
006390
058470
064760
267270
067170
102710
319660
012510
128940
285130
009240
112610
222800
008490
030190
005960
192820
000640
004980
281820
253450
025900
030520
230360
178920
022100
272550
030210
049770
020000
192440
108670
079550
145020
017810
003670
036540
074600
017960
166090
064960
095610
004170
095660
005610
178320
079430
110790
243070
020150
044450
031430
195870
104700
046440
286940
011760
298050
089030
069080
247540
097520
214150
060150
104830
083550
108320
145720
183300
037560
067160
039030
043150
025000
103140
002150
215000
004710
336370
100090
060250
067990
001750
027410
007810
099190
265520
041920
083450
033500
003220
036200
234080
119860
061970
046890
005850
023890
239610
035900
082740
130580
002350
003850
064350
082640
100120
101160
067900
220630
098460
278280
039440
015860
293480
131370
048260
270870
119610
005190
089600
029960
105630
214450
084370
336260
004690
018250
092730
155650
007980
194700
115960
052690
039840
096240
228850
213420
161580
018290
272290
067000
089010
151860
068240
007660
068930
051500
073490
013030
009580
095720
063080
306040
238490
063160
082210
131390
282880
049070
093320
001820
267260
264450
140860
237880
207760
000250
122310
290510
200670
124560
053030
243840
241710
003000
063570
009520
014620
009420
317400
234340
189300
086900
227840
256630
216050
090850
042520
099320
023160
308100
001430
081000
263720
053580
061040
225330
252500
005070
041510
318010
051160
054450
093370
136540
039570
123420
089980
148150
138080
299900
086960
103840
159580
256150
138250
078600
077500
290720
121600
075580
112040
263700
040420
138580
322000
091440
069510
053950
186230
060720
091700
122990
066970
106240
250930
031440
003490
050890
086390
225430
038680
042000
206650
065680
218410
228670
069640
230240
173940
084850
036010
254120
034120
214260
222040
019680
060980
182360
090460
160550
088800
052710
241840
122870
039560
086980
033640
041830
043370
003560
051370
053450
036420
067390
080160
018880
004020
114090
011210
071320
139480
010060
073240
039130
035250
034230
008770
204320
091810
272450
079160
089590
010140
010950
015760
096770
034220
065370
256940
041190
108490
189980
147830
042600
211270
269620
067730
007770
032960
025870
024850
066790
052670
038620
048770
025950
099750
119830
239340
131400
250060
032820
122640
082660
038290
082800
003610
021050
138040
000810
000060
001450
088350
002020
001800
003380
006120
001880
207940
084690
001390
000140
009970
034020
003540
003690
000400
170900
033160
013120
003240
213500
123890
000370
024720
000070
032190
005720
005290
085620
016380
003030
004960
036530
001200
284740
185750
002100
012630
013580
003480
145990
015350
053210
002460
006060
192400
016590
023590
306200
072710
002380
004490
016250
007340
017390
001250
068400
084110
004540
058650
021320
280360
014820
002310
102260
025540
037460
001940
030530
097230
016710
029460
092230
009200
000490
017890
005990
117580
001270
000670
012700
010050
005740
016450
002030
152330
036710
161000
015360
031330
042420
009450
054800
131290
004200
007590
036580
023600
095570
122900
123040
035150
059090
083930
045100
001130
026960
009290
086520
126560
248170
201490
900290
097780
005500
002450
027710
268280
007540
013570
037710
002270
001530
044340
007690
023760
264900
002170
267290
033270
025860
046940
003960
002840
008730
008930
023910
005160
002620
096760
079960
089470
344820
050110
002960
160980
251970
083310
130660
131970
012030
210540
036810
013520
042370
042700
229640
137400
214370
011370
000480
001790
016580
038540
038390
073560
002900
054220
003800
002390
104460
163560
007570
026890
004250
036890
016800
006220
068790
023770
034950
058860
004360
067310
010100
082920
079980
007330
900280
037330
100840
002720
015230
095340
035510
001440
036800
004650
054050
143210
004840
003080
900300
079940
069620
143240
006580
054670
045520
118990
005250
052330
078150
100130
143160
014940
027970
214180
271980
101530
090350
046310
001020
122450
002810
107590
006090
003650
263600
013310
225570
011930
025770
003100
052790
034300
034590
054950
290740
282690
037400
050860
002200
093230
009770
089970
900310
126880
065350
137950
035080
016610
134380
001780
039830
131030
066620
093920
082850
094820
036670
068760
100700
138690
003470
024090
004560
014530
032620
011040
000590
134790
103590
018120
000430
011330
004140
222080
000320
900250
251370
001340
032560
015590
008250
008040
900270
065710
019550
007680
290380
094280
011280
101490
051360
078070
010240
016670
006740
260660
208860
018500
003570
120030
083420
003200
102120
003830
000970
009070
023810
108380
171120
203650
232140
100250
023450
011500
058850
236200
190650
032750
072470
038060
012690
058430
036190
049430
900340
092130
041930
002920
004700
012320
016740
030720
077970
000520
014710
950180
144960
317330
025320
017650
000050
155660
000500
005090
084650
290550
053050
064260
010960
016090
009460
004380
015890
001570
053300
053800
086670
058610
014200
267850
009680
092780
000220
001810
028100
014160
226320
241790
009780
078140
033320
060370
009180
200710
092190
097800
126600
001540
083650
000020
025530
012610
123700
001290
263690
050760
297090
253590
045660
042500
140070
095910
039020
004450
008260
017550
033180
094480
142210
058630
072870
067920
317850
024880
148140
053280
067830
055490
003520
002240
008600
039340
206640
046110
021650
061250
054780
194510
014580
053690
900140
004150
302550
012790
039010
120240
036640
208710
154030
009620
067570
001460
008350
023000
092440
002600
008870
036120
278650
023900
045060
115310
072990
277070
066900
026150
038880
104620
057500
000300
002410
038460
006620
024840
043610
126640
234100
170030
080530
121440
007460
308170
014130
002780
214390
019170
290120
093190
109860
009300
089790
006140
014570
051380
003780
004090
019180
200470
077360
052420
038870
101240
093520
054940
046140
151910
065560
226360
006890
007280
143540
078890
024830
012620
241690
108230
033540
052400
013700
069730
290650
950110
119850
032850
124500
049960
049720
004590
069140
018000
011560
192650
004080
001260
006110
011150
004830
091090
003680
092200
005680
041140
036560
123570
221980
072020
171010
128660
097870
032940
019440
009160
023800
005420
051490
198080
024120
004780
089850
024950
008970
049800
024800
053620
105740
037030
005670
016790
238090
194370
024890
138490
001550
041650
092070
177830
064290
067280
950140
196170
214680
052260
007820
179290
075970
237750
044060
114810
001560
005800
000850
004970
009270
044380
000180
014280
190510
264850
101330
041910
307930
225590
219130
039240
020180
017480
140520
002290
080220
052900
250000
043220
133750
095190
050120
088390
037350
011390
016880
080000
125210
020120
020710
063760
067080
312610
022220
068330
039310
008370
081150
085910
041440
036480
227950
048870
217480
017040
006880
017000
067010
277410
192250
013810
217500
053270
066130
051390
006910
131180
071280
092460
045300
007530
101930
036030
129260
187870
088130
054540
038070
034810
066670
003310
303030
048910
014970
064800
018620
044820
002140
013360
001070
005690
216080
288620
285490
033100
200780
053290
099220
122350
215380
203450
195500
263770
263020
149980
071670
104200
092870
019770
078350
115390
011700
009470
001380
023960
003350
093240
025820
025750
090370
011300
000910
065510
222980
170790
066700
225190
014190
048430
053260
900070
224110
068050
246690
119500
016920
090150
138070
041460
045390
090410
318000
074430
089230
147760
091970
001470
009190
068290
004440
000760
158430
058110
091340
047770
251630
039860
205100
032540
045340
075130
263810
044960
170920
220260
297570
008830
044480
078130
046070
010640
010420
047400
071950
083500
234690
256840
225530
046210
072770
237820
069410
109080
258830
049630
091580
131220
039290
306620
139670
002800
073010
037230
025550
089150
059100
001000
031390
128540
005860
142280
100030
194480
004770
025560
023350
053610
272110
094840
046390
302430
037440
104540
059120
065530
212560
221840
072950
006050
111710
035200
218150
054410
104040
020400
203690
067290
187270
087260
060230
206400
032800
096640
043100
141020
008420
013870
003720
006340
005360
007210
004270
214330
000040
033920
148250
264660
060540
032080
258790
050960
115500
080580
217600
065450
204020
238200
100660
079170
048470
317830
114630
270520
049830
073190
018700
034940
066410
159910
060380
115570
046970
026940
004310
012280
004410
119650
011810
073570
024060
084730
241770
058820
032280
033130
052220
008470
101170
078860
039610
066310
027830
052600
191420
080520
290670
140670
007370
086060
064480
094940
048830
067770
294140
177350
178780
025880
043650
051780
123750
102210
139050
053980
101390
053700
040610
015020
001080
013000
024070
009440
007160
205470
171090
153490
091590
071200
015710
057680
293580
038010
086040
317870
109820
047920
000440
327260
012340
060480
087600
096870
048410
096040
226350
121890
205500
187420
039230
206560
065570
041960
066430
003120
005820
014440
007110
088790
002760
009320
069460
242040
094170
054040
131090
123410
267320
281740
039420
134060
079000
238120
045510
179900
196700
219420
187790
054300
070300
093640
054180
049550
036620
117730
052300
044180
014470
078160
036170
036630
051630
014910
085310
027040
096690
127710
038950
024740
024940
093380
311390
053160
080470
138610
073640
027050
056700
035620
084180
042940
032980
069920
007120
102460
033250
011420
004890
002420
012200
025890
000890
214270
089890
065440
039740
098660
017510
114450
043340
115530
099410
065650
050090
279600
043360
042110
173130
085370
047560
036180
230980
035610
035290
033430
083640
038530
071090
007630
004100
102280
128820
094850
037760
110990
033310
089140
149950
090470
130500
208370
317770
013720
044780
317120
110020
065170
073540
286750
144510
317530
137940
056000
002230
115480
050540
106190
263920
154040
101730
092040
078590
114570
008060
006980
006660
001420
145210
094360
054920
014100
041520
058400
189690
059210
080420
094970
078940
032580
258610
068940
153710
109960
047080
050320
222420
130740
032680
099520
083660
168330
031510
064550
003060
005870
009140
002690
001360
019490
001060
005710
226400
065770
092300
259630
056090
161570
310200
043910
033050
023790
065420
053350
214310
017900
118000
217820
263860
049520
217190
226340
113810
060310
263800
054930
037950
058420
033230
220180
115610
041590
083790
009810
111820
035460
033830
079950
098120
054090
060560
121850
153460
026910
105550
223310
094860
219550
300080
030350
032860
036260
043090
027580
101400
060240
195440
033600
123330
002680
060280
058530
049180
008800
003300
003010
012600
070960
100590
141000
057540
031310
060260
900080
213090
226440
001840
215100
019990
043590
227100
246960
052770
008290
215090
196300
305090
065660
048530
101000
054630
019210
079970
950130
004720
011230
006490
175250
115450
040160
138360
088290
257370
036090
006920
208140
086820
066910
204630
019660
041020
156100
187220
064240
234920
060300
005810
101140
072130
144620
249420
255440
079810
007720
019010
010470
275630
290270
010280
189860
007390
274090
215480
101670
294630
204840
063440
105330
064520
056730
158310
065950
065940
015260
005010
006200
260930
006730
049120
042510
021080
016600
057030
033200
043260
121800
222110
123010
028040
038340
065620
076080
184230
010040
002710
002700
313760
063170
070590
080010
011320
019590
900260
265560
079190
182690
025440
032790
192390
228340
222810
000860
090080
008700
109070
004920
002210
126700
103230
108790
021040
065690
193250
023440
134580
029480
081580
071850
060900
052190
012160
008110
011090
030790
043290
300120
090740
066590
095500
214430
299660
217330
226330
101680
106080
090710
005750
004910
010660
002630
010580
010770
204620
056360
065500
293780
166480
096350
241820
127120
051980
057880
160600
204990
009730
133820
005030
900100
036690
289080
062970
046120
246710
060570
075180
006570
010820
074610
031980
049480
039980
058450
136510
096610
080440
012860
085810
123840
087730
000390
058730
900110
174900
150900
066980
027360
214870
052860
221610
079650
311690
053060
031860
217270
220100
060590
180400
053590
215790
082270
007610
105840
002220
100790
047820
322180
197140
062860
052460
011080
224060
111870
012800
010600
015540
011200
037070
045970
241520
115440
037370
246720
114190
024810
267790
064510
219750
069330
099440
033110
010400
003460
037270
012170
018470
039670
192410
109740
102940
044490
064090
011690
066110
036930
108860
054620
322510
117670
150840
078000
198440
307180
227610
321550
042040
123690
049470
049080
054210
176440
080720
038160
067630
114120
084680
000650
025620
030960
255220
065150
175140
208640
076610
018310
289010
043200
016100
002070
002360
011000
008500
005110
085660
033560
052020
010170
053110
126870
142760
095270
017370
001210
226950
228760
089530
174880
026040
021820
111110
131760
018680
069110
003580
106520
071970
031820
141080
048550
088910
038110
109610
122690
056080
073070
185490
127160
196490
000700
005320
002820
000950
058220
268600
033340
087010
195990
001140
000230
245620
045890
200230
072520
040350
263540
085670
090360
183490
191410
086890
004060
009310
017180
092600
181340
290660
115180
002870
001520
024900
033790
140410
049950
217620
014990
001620
208350
196450
043710
030610
115160
131100
208340
003160
006370
235980
095700
299910
028080
234300
023150
013990
000680
263050
101060
086250
024910
244460
040300
017250
217730
065060
084670
033170
104480
028300
096630
069540
084870
007860
005390
073110
003280
039200
033530
019540
136480
091120
035000
032350
021880
079370
053660
214420
064820
020760
182400
288330
000540
066360
237690
078650
950160
200880
215600
027740
023460
001510
029530
078520
010690
033240
100220
005430
123860
019570
002880
006380
084990
900120
298380
015750
047310
071460
003920
025980
036000
065130
004870
180640
006840
950170
298690
003530
001720
003620